avg_rmse: 4.802685743392894
checkpoint: introvae_128_500
ms_ssim: 0.24982702025636422
